      0             0.0000    -0.90000E+01     0.00000E+00     0.55000E+00     0.50000E+02     0.50000E+02     0.00000E+00     0.00000E+00   0          0.0030
      1             1.0000    -0.90001E+01     0.99991E-09     0.55000E+00     0.50000E+02     0.50000E+02     0.13081E-08     0.10000E+01   0          0.0445
      2             3.0000    -0.90001E+01     0.29994E-08     0.55000E+00     0.49999E+02     0.49999E+02     0.26156E-08     0.20000E+01   0          0.0791
      3             7.0000    -0.90003E+01     0.69974E-08     0.55001E+00     0.49998E+02     0.49998E+02     0.52290E-08     0.40000E+01   0          0.1122
      4            15.0000    -0.90006E+01     0.14990E-07     0.55002E+00     0.49996E+02     0.49996E+02     0.10449E-07     0.80000E+01   0          0.1419
      5            31.0000    -0.90011E+01     0.30959E-07     0.55005E+00     0.49991E+02     0.49991E+02     0.20862E-07     0.16000E+02   0          0.1737
      6            63.0000    -0.90022E+01     0.62839E-07     0.55009E+00     0.49983E+02     0.49983E+02     0.41582E-07     0.32000E+02   0          0.2036
      7           127.0000    -0.90043E+01     0.12636E-06     0.55019E+00     0.49965E+02     0.49965E+02     0.82598E-07     0.64000E+02   0          0.2351
      8           255.0000    -0.90085E+01     0.25249E-06     0.55038E+00     0.49930E+02     0.49930E+02     0.16292E-06     0.12800E+03   0          0.2651
      9           511.0000    -0.90164E+01     0.50127E-06     0.55077E+00     0.49862E+02     0.49862E+02     0.31560E-06     0.25600E+03   0          0.2953
     10           884.7859    -0.90212E+01     0.85921E-06     0.55152E+00     0.49763E+02     0.49763E+02     0.43446E-06     0.37379E+03   0          0.3275
     11          1262.1134    -0.90151E+01     0.12211E-05     0.55262E+00     0.49662E+02     0.49662E+02     0.41957E-06     0.37733E+03   0          0.3641
     12          1634.9575    -0.90068E+01     0.15846E-05     0.55375E+00     0.49560E+02     0.49560E+02     0.39776E-06     0.37284E+03   0          0.3935
     13          2001.7626    -0.89969E+01     0.19498E-05     0.55488E+00     0.49458E+02     0.49458E+02     0.37606E-06     0.36681E+03   0          0.4232
     14          2361.4561    -0.89854E+01     0.23169E-05     0.55602E+00     0.49356E+02     0.49356E+02     0.35497E-06     0.35969E+03   0          0.4568
     15          2713.0965    -0.89724E+01     0.26860E-05     0.55718E+00     0.49254E+02     0.49253E+02     0.33458E-06     0.35164E+03   0          0.4892
     16          3055.8547    -0.89579E+01     0.30574E-05     0.55834E+00     0.49151E+02     0.49150E+02     0.31496E-06     0.34276E+03   0          0.5187
     17          3389.0142    -0.89421E+01     0.34312E-05     0.55950E+00     0.49048E+02     0.49047E+02     0.29613E-06     0.33316E+03   0          0.5475
     18          3711.9702    -0.89249E+01     0.38075E-05     0.56068E+00     0.48945E+02     0.48944E+02     0.27811E-06     0.32296E+03   0          0.5772
     19          4024.2274    -0.89065E+01     0.41867E-05     0.56186E+00     0.48841E+02     0.48840E+02     0.26091E-06     0.31226E+03   0          0.6063
     20          4325.3959    -0.88868E+01     0.45687E-05     0.56306E+00     0.48738E+02     0.48736E+02     0.24453E-06     0.30117E+03   0          0.6447
     21          4615.1859    -0.88659E+01     0.49539E-05     0.56426E+00     0.48634E+02     0.48632E+02     0.22895E-06     0.28979E+03   0          0.6797
     22          4893.4023    -0.88440E+01     0.53424E-05     0.56546E+00     0.48530E+02     0.48527E+02     0.21416E-06     0.27822E+03   0          0.7091
     23          5159.9368    -0.88209E+01     0.57343E-05     0.56668E+00     0.48426E+02     0.48423E+02     0.20015E-06     0.26653E+03   0          0.7390
     24          5414.7618    -0.87969E+01     0.61299E-05     0.56790E+00     0.48322E+02     0.48318E+02     0.18688E-06     0.25482E+03   0          0.7691
     25          5657.9216    -0.87718E+01     0.65294E-05     0.56913E+00     0.48217E+02     0.48213E+02     0.17435E-06     0.24316E+03   0          0.7979
     26          5889.5257    -0.87458E+01     0.69329E-05     0.57037E+00     0.48113E+02     0.48108E+02     0.16251E-06     0.23160E+03   0          0.8312
     27          6109.7406    -0.87189E+01     0.73406E-05     0.57162E+00     0.48008E+02     0.48003E+02     0.15134E-06     0.22021E+03   0          0.8642
     28          6318.7822    -0.86912E+01     0.77527E-05     0.57287E+00     0.47903E+02     0.47897E+02     0.14082E-06     0.20904E+03   0          0.8974
     29          6516.9092    -0.86626E+01     0.81694E-05     0.57413E+00     0.47799E+02     0.47791E+02     0.13091E-06     0.19813E+03   0          0.9297
     30          6704.4156    -0.86333E+01     0.85910E-05     0.57540E+00     0.47694E+02     0.47686E+02     0.12159E-06     0.18751E+03   0          0.9625
     31          6881.6246    -0.86032E+01     0.90175E-05     0.57667E+00     0.47589E+02     0.47580E+02     0.11282E-06     0.17721E+03   0          0.9957
     32          7048.8828    -0.85724E+01     0.94494E-05     0.57795E+00     0.47484E+02     0.47474E+02     0.10459E-06     0.16726E+03   0          1.0254
     33          7206.5545    -0.85409E+01     0.98867E-05     0.57924E+00     0.47379E+02     0.47367E+02     0.96858E-07     0.15767E+03   0          1.0555
     34          7355.0168    -0.85088E+01     0.10330E-04     0.58054E+00     0.47274E+02     0.47261E+02     0.89605E-07     0.14846E+03   0          1.0866
     35          7494.6555    -0.84760E+01     0.10779E-04     0.58184E+00     0.47169E+02     0.47155E+02     0.82802E-07     0.13964E+03   0          1.1177
     36          7625.8607    -0.84426E+01     0.11234E-04     0.58315E+00     0.47064E+02     0.47048E+02     0.76426E-07     0.13121E+03   0          1.1537
     37          7749.0239    -0.84087E+01     0.11695E-04     0.58447E+00     0.46959E+02     0.46941E+02     0.70451E-07     0.12316E+03   0          1.1829
     38          7864.5343    -0.83742E+01     0.12164E-04     0.58580E+00     0.46854E+02     0.46835E+02     0.64855E-07     0.11551E+03   0          1.2105
     39          7972.7769    -0.83392E+01     0.12639E-04     0.58713E+00     0.46749E+02     0.46728E+02     0.59616E-07     0.10824E+03   0          1.2423
     40          8074.1301    -0.83037E+01     0.13122E-04     0.58847E+00     0.46645E+02     0.46621E+02     0.54713E-07     0.10135E+03   0          1.2788
     41          8168.9637    -0.82677E+01     0.13612E-04     0.58981E+00     0.46540E+02     0.46514E+02     0.50124E-07     0.94834E+02   0          1.3110
     42          8257.6377    -0.82312E+01     0.14110E-04     0.59116E+00     0.46436E+02     0.46407E+02     0.45831E-07     0.88674E+02   0          1.3393
     43          8340.5009    -0.81943E+01     0.14617E-04     0.59252E+00     0.46331E+02     0.46300E+02     0.41816E-07     0.82863E+02   0          1.3689
     44          8417.8901    -0.81569E+01     0.15132E-04     0.59389E+00     0.46227E+02     0.46193E+02     0.38060E-07     0.77389E+02   0          1.3986
     45          8490.1295    -0.81191E+01     0.15656E-04     0.59526E+00     0.46123E+02     0.46086E+02     0.34547E-07     0.72239E+02   0          1.4272
     46          8557.5299    -0.80809E+01     0.16189E-04     0.59664E+00     0.46020E+02     0.45978E+02     0.31262E-07     0.67400E+02   0          1.4567
     47          8620.3889    -0.80423E+01     0.16733E-04     0.59803E+00     0.45916E+02     0.45871E+02     0.28189E-07     0.62859E+02   0          1.4838
     48          8678.9903    -0.80033E+01     0.17286E-04     0.59942E+00     0.45813E+02     0.45764E+02     0.25315E-07     0.58601E+02   0          1.5139
     49          8733.6043    -0.79640E+01     0.17851E-04     0.60082E+00     0.45710E+02     0.45657E+02     0.22626E-07     0.54614E+02   0          1.5425
     50          8784.4877    -0.79243E+01     0.18427E-04     0.60222E+00     0.45608E+02     0.45549E+02     0.20109E-07     0.50883E+02   0          1.5763
     51          8831.8838    -0.78843E+01     0.19014E-04     0.60363E+00     0.45505E+02     0.45442E+02     0.17753E-07     0.47396E+02   0          1.6111
     52          8876.0230    -0.78439E+01     0.19614E-04     0.60505E+00     0.45403E+02     0.45334E+02     0.15546E-07     0.44139E+02   0          1.6525
     53          8917.1230    -0.78031E+01     0.20227E-04     0.60648E+00     0.45302E+02     0.45227E+02     0.13478E-07     0.41100E+02   0          1.6844
     54          8955.3891    -0.77621E+01     0.20854E-04     0.60791E+00     0.45201E+02     0.45120E+02     0.11540E-07     0.38266E+02   0          1.7143
     55          8991.0149    -0.77207E+01     0.21495E-04     0.60934E+00     0.45100E+02     0.45012E+02     0.97205E-08     0.35626E+02   0          1.7435
     56          9024.1823    -0.76790E+01     0.22151E-04     0.61078E+00     0.45000E+02     0.44905E+02     0.80123E-08     0.33167E+02   0          1.7739
     57          9055.0624    -0.76370E+01     0.22824E-04     0.61223E+00     0.44900E+02     0.44797E+02     0.64066E-08     0.30880E+02   0          1.8032
     58          9083.8159    -0.75947E+01     0.23513E-04     0.61369E+00     0.44801E+02     0.44690E+02     0.48956E-08     0.28754E+02   0          1.8355
     59          9110.5934    -0.75522E+01     0.24220E-04     0.61515E+00     0.44703E+02     0.44583E+02     0.34719E-08     0.26778E+02   0          1.8647
     60          9135.5362    -0.75093E+01     0.24946E-04     0.61661E+00     0.44605E+02     0.44475E+02     0.30792E-08     0.24943E+02   0          1.8969
     61          9158.7764    -0.74662E+01     0.25692E-04     0.61809E+00     0.44507E+02     0.44368E+02     0.31280E-08     0.23240E+02   0          1.9291
     62          9180.4378    -0.74227E+01     0.26460E-04     0.61956E+00     0.44411E+02     0.44261E+02     0.31778E-08     0.21661E+02   0          1.9581
     63          9200.6362    -0.73790E+01     0.27250E-04     0.62105E+00     0.44315E+02     0.44154E+02     0.37973E-08     0.20198E+02   0          1.9890
     64          9219.4798    -0.73350E+01     0.28064E-04     0.62254E+00     0.44219E+02     0.44047E+02     0.51239E-08     0.18844E+02   0          2.0203
     65          9237.0697    -0.72908E+01     0.28905E-04     0.62403E+00     0.44125E+02     0.43939E+02     0.64258E-08     0.17590E+02   0          2.0526
     66          9253.5005    -0.72463E+01     0.29773E-04     0.62553E+00     0.44031E+02     0.43832E+02     0.77114E-08     0.16431E+02   0          2.0835
     67          9268.8606    -0.72015E+01     0.30672E-04     0.62703E+00     0.43938E+02     0.43726E+02     0.89893E-08     0.15360E+02   0          2.1126
     68          9283.2326    -0.71565E+01     0.31602E-04     0.62854E+00     0.43845E+02     0.43619E+02     0.10268E-07     0.14372E+02   0          2.1507
     69          9296.6939    -0.71113E+01     0.32568E-04     0.63005E+00     0.43753E+02     0.43512E+02     0.11558E-07     0.13461E+02   0          2.1813
     70          9309.3169    -0.70658E+01     0.33571E-04     0.63157E+00     0.43663E+02     0.43406E+02     0.12870E-07     0.12623E+02   0          2.2125
     71          9321.1695    -0.70200E+01     0.34615E-04     0.63309E+00     0.43572E+02     0.43299E+02     0.14214E-07     0.11853E+02   0          2.2453
     72          9332.3154    -0.69740E+01     0.35705E-04     0.63461E+00     0.43483E+02     0.43193E+02     0.15605E-07     0.11146E+02   0          2.2754
     73          9342.8148    -0.69278E+01     0.36844E-04     0.63614E+00     0.43394E+02     0.43087E+02     0.17055E-07     0.10499E+02   0          2.3053
     74          9352.7244    -0.68813E+01     0.38038E-04     0.63767E+00     0.43306E+02     0.42982E+02     0.18584E-07     0.99096E+01   0          2.3337
     75          9362.0981    -0.68347E+01     0.39292E-04     0.63921E+00     0.43218E+02     0.42876E+02     0.20209E-07     0.93738E+01   0          2.3645
     76          9370.9876    -0.67878E+01     0.40614E-04     0.64075E+00     0.43131E+02     0.42771E+02     0.21956E-07     0.88894E+01   0          2.3953
     77          9379.4422    -0.67407E+01     0.42011E-04     0.64229E+00     0.43044E+02     0.42666E+02     0.23854E-07     0.84547E+01   0          2.4241
     78          9387.5104    -0.66934E+01     0.43495E-04     0.64383E+00     0.42957E+02     0.42562E+02     0.25937E-07     0.80682E+01   0          2.4549
     79          9395.2397    -0.66459E+01     0.45077E-04     0.64538E+00     0.42870E+02     0.42458E+02     0.28252E-07     0.77293E+01   0          2.4866
     80          9402.6779    -0.65983E+01     0.46771E-04     0.64693E+00     0.42783E+02     0.42354E+02     0.30856E-07     0.74382E+01   0          2.5202
     81          9409.8740    -0.65505E+01     0.48598E-04     0.64848E+00     0.42695E+02     0.42252E+02     0.33826E-07     0.71961E+01   0          2.5532
     82          9416.8798    -0.65025E+01     0.50579E-04     0.65003E+00     0.42607E+02     0.42150E+02     0.37264E-07     0.70058E+01   0          2.5816
     83          9423.7519    -0.64545E+01     0.52746E-04     0.65158E+00     0.42517E+02     0.42049E+02     0.41308E-07     0.68721E+01   0          2.6113
     84          9430.5546    -0.64063E+01     0.55139E-04     0.65313E+00     0.42425E+02     0.41949E+02     0.46159E-07     0.68027E+01   0          2.6463
     85          9437.3503    -0.63581E+01     0.57808E-04     0.65467E+00     0.42330E+02     0.41851E+02     0.51994E-07     0.67957E+01   0          2.6767
     86          9444.1477    -0.63100E+01     0.60788E-04     0.65621E+00     0.42233E+02     0.41756E+02     0.58561E-07     0.67974E+01   0          2.7052
     87          9450.9427    -0.62627E+01     0.64113E-04     0.65772E+00     0.42135E+02     0.41666E+02     0.65720E-07     0.67949E+01   0          2.7357
     88          9457.7374    -0.62172E+01     0.67816E-04     0.65917E+00     0.42035E+02     0.41583E+02     0.73405E-07     0.67948E+01   0          2.7684
     89          9464.5459    -0.61744E+01     0.71931E-04     0.66053E+00     0.41935E+02     0.41510E+02     0.81563E-07     0.68085E+01   0          2.7977
     90          9471.3466    -0.61352E+01     0.76460E-04     0.66176E+00     0.41836E+02     0.41448E+02     0.89506E-07     0.68007E+01   0          2.8332
     91          9478.2292    -0.61006E+01     0.81469E-04     0.66283E+00     0.41739E+02     0.41398E+02     0.98399E-07     0.68826E+01   0          2.8737
     92          9485.3128    -0.60706E+01     0.87049E-04     0.66374E+00     0.41644E+02     0.41358E+02     0.10876E-06     0.70836E+01   0          2.9036
     93          9492.7663    -0.60450E+01     0.93341E-04     0.66447E+00     0.41551E+02     0.41331E+02     0.12152E-06     0.74535E+01   0          2.9336
     94          9500.8493    -0.60237E+01     0.10059E-03     0.66503E+00     0.41463E+02     0.41313E+02     0.13847E-06     0.80831E+01   0          2.9651
     95          9510.0062    -0.60061E+01     0.10922E-03     0.66540E+00     0.41381E+02     0.41298E+02     0.16321E-06     0.91569E+01   0          2.9941
     96          9521.1170    -0.59914E+01     0.12017E-03     0.66558E+00     0.41318E+02     0.41281E+02     0.20406E-06     0.11111E+02   0          3.0228
     97          9536.3980    -0.59782E+01     0.13580E-03     0.66552E+00     0.41350E+02     0.41255E+02     0.28478E-06     0.15281E+02   0          3.0530
     98          9565.2519    -0.59597E+01     0.16657E-03     0.66506E+00     0.41468E+02     0.41274E+02     0.49084E-06     0.28854E+02   0          3.0823
     99          9589.7934    -0.59813E+01     0.19261E-03     0.66326E+00     0.41497E+02     0.41319E+02     0.44308E-06     0.24541E+02   0          3.1130
    100          9638.8762    -0.59436E+01     0.24573E-03     0.66270E+00     0.41787E+02     0.41520E+02     0.78547E-06     0.49083E+02   0          3.1523
    101          9655.7965    -0.60402E+01     0.26271E-03     0.65823E+00     0.41704E+02     0.41463E+02     0.27535E-06     0.16920E+02   0          3.1844
    102          9676.2134    -0.59974E+01     0.28180E-03     0.65947E+00     0.41701E+02     0.41468E+02     0.36289E-06     0.20417E+02   0          3.2149
    103          9717.0472    -0.59534E+01     0.32482E-03     0.65945E+00     0.41896E+02     0.41611E+02     0.54579E-06     0.40834E+02   0          3.2497
    104          9737.9971    -0.60147E+01     0.34644E-03     0.65643E+00     0.41856E+02     0.41584E+02     0.35675E-06     0.20950E+02   0          3.2826
    105          9779.8969    -0.59562E+01     0.38954E-03     0.65697E+00     0.42044E+02     0.41721E+02     0.54272E-06     0.41900E+02   0          3.3124
    106          9802.2918    -0.60128E+01     0.41264E-03     0.65409E+00     0.42007E+02     0.41696E+02     0.37975E-06     0.22395E+02   0          3.3408
    107          9847.0817    -0.59514E+01     0.45910E-03     0.65458E+00     0.42231E+02     0.41859E+02     0.50088E-06     0.44790E+02   0          3.3700
    108          9867.0609    -0.60229E+01     0.47953E-03     0.65118E+00     0.42175E+02     0.41819E+02     0.33209E-06     0.19979E+02   0          3.4018
    109          9902.6510    -0.59691E+01     0.51514E-03     0.65197E+00     0.42284E+02     0.41903E+02     0.56454E-06     0.35590E+02   0          3.4312
    110          9935.3449    -0.59833E+01     0.54964E-03     0.65028E+00     0.42336E+02     0.41940E+02     0.53550E-06     0.32694E+02   0          3.4657
    111          9997.9379    -0.59364E+01     0.61821E-03     0.64941E+00     0.42760E+02     0.42241E+02     0.39800E-05     0.62593E+02   0          3.5024
    112         10012.6931    -0.60781E+01     0.63247E-03     0.64315E+00     0.42643E+02     0.42152E+02     0.21246E-06     0.14755E+02   0          3.5352
    113         10025.2665    -0.60300E+01     0.64301E-03     0.64486E+00     0.42592E+02     0.42120E+02     0.20459E-06     0.12573E+02   0          3.5661
    114         10050.0007    -0.59969E+01     0.66643E-03     0.64557E+00     0.42587E+02     0.42127E+02     0.42174E-06     0.24734E+02   0          3.5977
    115         10099.4692    -0.59458E+01     0.71900E-03     0.64555E+00     0.42866E+02     0.42325E+02     0.50204E-06     0.49468E+02   0          3.6389
    116         10117.1728    -0.60360E+01     0.73687E-03     0.64145E+00     0.42791E+02     0.42271E+02     0.27772E-06     0.17704E+02   0          3.6742
    117         10140.5685    -0.59949E+01     0.75908E-03     0.64252E+00     0.42798E+02     0.42282E+02     0.39848E-06     0.23396E+02   0          3.7051
    118         10187.3598    -0.59498E+01     0.80887E-03     0.64233E+00     0.43041E+02     0.42455E+02     0.52824E-06     0.46791E+02   0          3.7352
    119         10206.6328    -0.60260E+01     0.82851E-03     0.63879E+00     0.42980E+02     0.42411E+02     0.30409E-06     0.19273E+02   0          3.7672
    120         10237.9477    -0.59801E+01     0.85928E-03     0.63963E+00     0.43040E+02     0.42459E+02     0.51334E-06     0.31315E+02   0          3.7996
    121         10290.2200    -0.59522E+01     0.91570E-03     0.63868E+00     0.43297E+02     0.42637E+02     0.53536E-06     0.52272E+02   0          3.8346
    122         10310.5510    -0.60302E+01     0.93621E-03     0.63499E+00     0.43221E+02     0.42584E+02     0.30909E-06     0.20331E+02   0          3.8647
    123         10337.2472    -0.59872E+01     0.96203E-03     0.63603E+00     0.43253E+02     0.42613E+02     0.43934E-06     0.26696E+02   0          3.8932
    124         10390.6396    -0.59470E+01     0.10196E-02     0.63549E+00     0.43547E+02     0.42816E+02     0.61129E-06     0.53392E+02   0          3.9237
    125         10408.7818    -0.60387E+01     0.10378E-02     0.63131E+00     0.43463E+02     0.42757E+02     0.26254E-06     0.18142E+02   0          3.9534
    126         10430.3724    -0.59992E+01     0.10580E-02     0.63246E+00     0.43457E+02     0.42758E+02     0.34377E-06     0.21591E+02   0          3.9862
    127         10473.5534    -0.59588E+01     0.11032E-02     0.63247E+00     0.43637E+02     0.42886E+02     0.60096E-06     0.43181E+02   0          4.0177
    128         10497.5547    -0.60099E+01     0.11279E-02     0.62991E+00     0.43607E+02     0.42864E+02     0.36126E-06     0.24001E+02   0          4.0501
    129         10545.5573    -0.59565E+01     0.11776E-02     0.63027E+00     0.43819E+02     0.43012E+02     0.60448E-06     0.48003E+02   0          4.0809
    130         10568.1297    -0.60189E+01     0.12007E-02     0.62728E+00     0.43766E+02     0.42975E+02     0.32339E-06     0.22572E+02   0          4.1137
    131         10610.1176    -0.59679E+01     0.12430E-02     0.62797E+00     0.43899E+02     0.43070E+02     0.59216E-06     0.41988E+02   0          4.1533
    132         10641.5638    -0.59978E+01     0.12757E-02     0.62607E+00     0.43906E+02     0.43073E+02     0.45242E-06     0.31446E+02   0          4.1829
    133         10704.4562    -0.59446E+01     0.13429E-02     0.62589E+00     0.44270E+02     0.43314E+02     0.11928E-05     0.62892E+02   0          4.2171
    134         10721.7111    -0.60553E+01     0.13598E-02     0.62090E+00     0.44160E+02     0.43237E+02     0.20444E-06     0.17255E+02   0          4.2522
    135         10737.4289    -0.60151E+01     0.13737E-02     0.62238E+00     0.44122E+02     0.43215E+02     0.21120E-06     0.15718E+02   0          4.2876
    136         10768.8645    -0.59880E+01     0.14047E-02     0.62285E+00     0.44157E+02     0.43247E+02     0.43986E-06     0.31436E+02   0          4.3174
    137         10831.7357    -0.59514E+01     0.14720E-02     0.62226E+00     0.44472E+02     0.43442E+02     0.62375E-06     0.62871E+02   0          4.3452
    138         10851.7439    -0.60418E+01     0.14917E-02     0.61802E+00     0.44365E+02     0.43372E+02     0.22689E-06     0.20008E+02   0          4.3747
    139         10870.4721    -0.60043E+01     0.15089E-02     0.61943E+00     0.44345E+02     0.43365E+02     0.24011E-06     0.18728E+02   0          4.4053
    140         10907.9285    -0.59765E+01     0.15469E-02     0.61964E+00     0.44430E+02     0.43425E+02     0.48851E-06     0.37456E+02   0          4.4424
    141         10951.7469    -0.59807E+01     0.15929E-02     0.61842E+00     0.44511E+02     0.43472E+02     0.53838E-06     0.43818E+02   0          4.4759
    142         11005.5693    -0.59776E+01     0.16492E-02     0.61727E+00     0.44628E+02     0.43547E+02     0.62447E-06     0.53822E+02   0          4.5056
    143         11051.6977    -0.59968E+01     0.16967E-02     0.61565E+00     0.44642E+02     0.43551E+02     0.51530E-06     0.46128E+02   0          4.5342
    144         11143.9545    -0.59414E+01     0.17956E-02     0.61535E+00     0.45211E+02     0.43870E+02     0.39466E-05     0.92257E+02   0          4.5643
    145         11160.1569    -0.60927E+01     0.18105E-02     0.60793E+00     0.45044E+02     0.43758E+02     0.10404E-06     0.16202E+02   0          4.5932
    146         11169.8595    -0.60455E+01     0.18179E-02     0.61011E+00     0.44976E+02     0.43722E+02     0.79965E-07     0.97026E+01   0          4.6224
    147         11184.1477    -0.60272E+01     0.18300E-02     0.61097E+00     0.44905E+02     0.43688E+02     0.12728E-06     0.14288E+02   0          4.6579
    148         11204.2620    -0.60082E+01     0.18483E-02     0.61186E+00     0.44861E+02     0.43673E+02     0.19258E-06     0.20114E+02   0          4.6863
    149         11244.4907    -0.59866E+01     0.18881E-02     0.61235E+00     0.44913E+02     0.43709E+02     0.40072E-06     0.40229E+02   0          4.7195
    150         11323.1375    -0.59659E+01     0.19710E-02     0.61156E+00     0.45179E+02     0.43821E+02     0.73650E-06     0.78647E+02   0          4.7562
    151         11352.6343    -0.60261E+01     0.19998E-02     0.60815E+00     0.45033E+02     0.43755E+02     0.21700E-06     0.29497E+02   0          4.7884
    152         11372.8664    -0.59942E+01     0.20189E-02     0.60998E+00     0.45041E+02     0.43764E+02     0.17329E-06     0.20232E+02   0          4.8191
    153         11413.3306    -0.59806E+01     0.20604E-02     0.60981E+00     0.45117E+02     0.43799E+02     0.34025E-06     0.40464E+02   0          4.8488
    154         11466.9122    -0.59887E+01     0.21158E-02     0.60877E+00     0.45174E+02     0.43816E+02     0.41432E-06     0.53582E+02   0          4.8775
    155         11560.4800    -0.59756E+01     0.22130E-02     0.60793E+00     0.45396E+02     0.43887E+02     0.79668E-06     0.93568E+02   0          4.9058
    156         11602.6295    -0.60188E+01     0.22540E-02     0.60511E+00     0.45211E+02     0.43817E+02     0.23203E-06     0.42149E+02   0          4.9300
    157         11625.4530    -0.59736E+01     0.22763E-02     0.60741E+00     0.45270E+02     0.43842E+02     0.15943E-06     0.22823E+02   0          4.9557
    158         11664.2825    -0.59837E+01     0.23169E-02     0.60661E+00     0.45330E+02     0.43856E+02     0.23877E-06     0.38830E+02   0          4.9835
    159         11728.7780    -0.59888E+01     0.23833E-02     0.60578E+00     0.45398E+02     0.43857E+02     0.37211E-06     0.64496E+02   0          5.0121
    160         11823.6282    -0.59928E+01     0.24800E-02     0.60484E+00     0.45462E+02     0.43852E+02     0.61431E-06     0.94850E+02   0          5.0455
    161         11972.2448    -0.59884E+01     0.26314E-02     0.60389E+00     0.45624E+02     0.43768E+02     0.19724E-05     0.14862E+03   0          5.0820
    162         12063.7127    -0.59778E+01     0.27201E-02     0.60201E+00     0.45276E+02     0.43966E+02     0.66384E-06     0.91468E+02   0          5.1112
    163         12089.9761    -0.59005E+01     0.27481E-02     0.60579E+00     0.45579E+02     0.43837E+02     0.21099E-06     0.26263E+02   0          5.1415
    164         12098.6554    -0.59996E+01     0.27576E-02     0.60250E+00     0.45566E+02     0.43828E+02     0.40883E-07     0.86793E+01   0          5.1708
    165         12116.0139    -0.59996E+01     0.27746E-02     0.60259E+00     0.45552E+02     0.43812E+02     0.82301E-07     0.17359E+02   0          5.1984
    166         12150.7310    -0.59976E+01     0.28091E-02     0.60269E+00     0.45554E+02     0.43786E+02     0.16710E-06     0.34717E+02   0          5.2289
    167         12220.1652    -0.59907E+01     0.28792E-02     0.60255E+00     0.45615E+02     0.43738E+02     0.37014E-06     0.69434E+02   0          5.2577
    168         12334.6664    -0.60018E+01     0.29941E-02     0.60179E+00     0.45568E+02     0.43676E+02     0.10614E-05     0.11450E+03   0          5.2920
    169         12519.5996    -0.59600E+01     0.31850E-02     0.60207E+00     0.46314E+02     0.43439E+02     0.87629E-05     0.18493E+03   0          5.3229
    170         12544.3858    -0.59213E+01     0.32064E-02     0.59474E+00     0.45992E+02     0.43655E+02     0.19705E-06     0.24786E+02   0          5.3557
    171         12552.0821    -0.59996E+01     0.32121E-02     0.59811E+00     0.45922E+02     0.43649E+02     0.37240E-07     0.76964E+01   0          5.3911
    172         12563.1330    -0.60009E+01     0.32212E-02     0.59877E+00     0.45836E+02     0.43639E+02     0.53484E-07     0.11051E+02   0          5.4233
    173         12575.8941    -0.60018E+01     0.32322E-02     0.59957E+00     0.45759E+02     0.43630E+02     0.61846E-07     0.12761E+02   0          5.4534
    174         12592.5111    -0.60026E+01     0.32473E-02     0.60026E+00     0.45691E+02     0.43617E+02     0.80574E-07     0.16617E+02   0          5.4837
    175         12616.8959    -0.60023E+01     0.32704E-02     0.60084E+00     0.45640E+02     0.43597E+02     0.11843E-06     0.24385E+02   0          5.5146
    176         12665.2141    -0.59999E+01     0.33178E-02     0.60122E+00     0.45634E+02     0.43544E+02     0.24325E-06     0.48318E+02   0          5.5462
    177         12755.6243    -0.59925E+01     0.34085E-02     0.60118E+00     0.45697E+02     0.43449E+02     0.69828E-06     0.90410E+02   0          5.5753
    178         12850.8486    -0.59936E+01     0.35031E-02     0.60062E+00     0.45564E+02     0.43506E+02     0.81950E-06     0.95224E+02   0          5.6052
    179         12922.4160    -0.59542E+01     0.35762E-02     0.60156E+00     0.45899E+02     0.43281E+02     0.42807E-06     0.71567E+02   0          5.6403
    180         12943.7671    -0.59503E+01     0.35972E-02     0.59906E+00     0.45761E+02     0.43391E+02     0.12429E-06     0.21351E+02   0          5.6762
    181         12959.2728    -0.59969E+01     0.36116E-02     0.60009E+00     0.45717E+02     0.43394E+02     0.77803E-07     0.15506E+02   0          5.7100
    182         12990.2843    -0.60011E+01     0.36416E-02     0.60037E+00     0.45670E+02     0.43374E+02     0.15360E-06     0.31011E+02   0          5.7395
    183         13052.3072    -0.59969E+01     0.37030E-02     0.60064E+00     0.45687E+02     0.43289E+02     0.34580E-06     0.62023E+02   0          5.7709
    184         13125.3342    -0.59986E+01     0.37760E-02     0.60050E+00     0.45672E+02     0.43299E+02     0.46936E-06     0.73027E+02   0          5.8004
    185         13271.3881    -0.59914E+01     0.39221E-02     0.60043E+00     0.45789E+02     0.42747E+02     0.51756E-05     0.14605E+03   0          5.8321
    186         13297.8453    -0.58181E+01     0.39484E-02     0.60014E+00     0.45704E+02     0.43422E+02     0.29715E-06     0.26457E+02   0          5.8608
    187         13301.7691    -0.59995E+01     0.39523E-02     0.60018E+00     0.45702E+02     0.43395E+02     0.15940E-07     0.39238E+01   0          5.8920
    188         13309.6167    -0.59999E+01     0.39601E-02     0.60020E+00     0.45699E+02     0.43344E+02     0.29307E-07     0.78476E+01   0          5.9218
    189         13325.2160    -0.60003E+01     0.39755E-02     0.60022E+00     0.45694E+02     0.43258E+02     0.61692E-07     0.15599E+02   0          5.9526
    190         13343.3496    -0.60005E+01     0.39935E-02     0.60028E+00     0.45691E+02     0.43195E+02     0.79320E-07     0.18134E+02   0          5.9851
    191         13371.8114    -0.60001E+01     0.40219E-02     0.60029E+00     0.45691E+02     0.43133E+02     0.13361E-06     0.28462E+02   0          6.0223
    192         13417.8628    -0.59994E+01     0.40678E-02     0.60028E+00     0.45693E+02     0.43080E+02     0.23606E-06     0.46051E+02   0          6.0551
    193         13505.7043    -0.59995E+01     0.41554E-02     0.60022E+00     0.45697E+02     0.42961E+02     0.72821E-06     0.87842E+02   0          6.0850
    194         13579.5740    -0.59837E+01     0.42293E-02     0.60026E+00     0.45693E+02     0.43077E+02     0.50199E-06     0.73870E+02   0          6.1132
    195         13643.3601    -0.59985E+01     0.42929E-02     0.60005E+00     0.45701E+02     0.42806E+02     0.35739E-06     0.63786E+02   0          6.1504
    196         13666.8957    -0.59462E+01     0.43164E-02     0.60036E+00     0.45697E+02     0.42939E+02     0.13903E-06     0.23536E+02   0          6.1826
    197         13684.6768    -0.59988E+01     0.43343E-02     0.60018E+00     0.45697E+02     0.42931E+02     0.88416E-07     0.17781E+02   0          6.2146
    198         13720.2392    -0.60000E+01     0.43699E-02     0.60013E+00     0.45697E+02     0.42894E+02     0.17776E-06     0.35562E+02   0          6.2435
    199         13791.3638    -0.59999E+01     0.44407E-02     0.60009E+00     0.45697E+02     0.42790E+02     0.45612E-06     0.71125E+02   0          6.2737
    200         13859.2888    -0.59905E+01     0.45086E-02     0.60016E+00     0.45696E+02     0.42851E+02     0.43231E-06     0.67925E+02   0          6.3071
    201         13969.4485    -0.60000E+01     0.46182E-02     0.59992E+00     0.45696E+02     0.42389E+02     0.17233E-05     0.11016E+03   0          6.3434
    202         13993.2638    -0.58618E+01     0.46424E-02     0.60068E+00     0.45696E+02     0.42806E+02     0.19185E-06     0.23815E+02   0          6.3756
    203         13998.9736    -0.59973E+01     0.46482E-02     0.60009E+00     0.45696E+02     0.42789E+02     0.25590E-07     0.57099E+01   0          6.4086
    204         14010.3933    -0.59983E+01     0.46596E-02     0.60007E+00     0.45696E+02     0.42759E+02     0.51993E-07     0.11420E+02   0          6.4398
    205         14033.2327    -0.59998E+01     0.46824E-02     0.60005E+00     0.45695E+02     0.42707E+02     0.10714E-06     0.22839E+02   0          6.4711
    206         14077.6851    -0.60002E+01     0.47267E-02     0.60002E+00     0.45694E+02     0.42636E+02     0.22633E-06     0.44452E+02   0          6.5005
    207         14140.0809    -0.60001E+01     0.47889E-02     0.60003E+00     0.45693E+02     0.42602E+02     0.37078E-06     0.62396E+02   0          6.5313
    208         14264.8725    -0.60005E+01     0.49131E-02     0.59995E+00     0.45687E+02     0.42296E+02     0.27313E-05     0.12479E+03   0          6.5629
    209         14305.6900    -0.59069E+01     0.49543E-02     0.60038E+00     0.45694E+02     0.42731E+02     0.28234E-06     0.40817E+02   0          6.5918
    210         14315.0878    -0.60009E+01     0.49638E-02     0.59980E+00     0.45693E+02     0.42669E+02     0.37868E-07     0.93978E+01   0          6.6242
    211         14330.1806    -0.60007E+01     0.49787E-02     0.59985E+00     0.45692E+02     0.42587E+02     0.61706E-07     0.15093E+02   0          6.6628
    212         14348.6556    -0.60005E+01     0.49970E-02     0.59992E+00     0.45691E+02     0.42522E+02     0.82676E-07     0.18475E+02   0          6.6937
    213         14377.0598    -0.60004E+01     0.50252E-02     0.59996E+00     0.45690E+02     0.42461E+02     0.13624E-06     0.28404E+02   0          6.7242
    214         14423.9230    -0.60003E+01     0.50718E-02     0.59997E+00     0.45688E+02     0.42406E+02     0.24640E-06     0.46863E+02   0          6.7541
    215         14508.3627    -0.60004E+01     0.51559E-02     0.59997E+00     0.45685E+02     0.42299E+02     0.69580E-06     0.84440E+02   0          6.7846
    216         14587.4669    -0.59898E+01     0.52350E-02     0.60006E+00     0.45687E+02     0.42377E+02     0.59972E-06     0.79104E+02   0          6.8168
    217         14689.3958    -0.60018E+01     0.53362E-02     0.59979E+00     0.45670E+02     0.41912E+02     0.13609E-05     0.10193E+03   0          6.8483
    218         14711.3413    -0.58643E+01     0.53585E-02     0.60068E+00     0.45680E+02     0.42287E+02     0.17223E-06     0.21946E+02   0          6.8771
    219         14717.1910    -0.59945E+01     0.53645E-02     0.60008E+00     0.45681E+02     0.42276E+02     0.27576E-07     0.58497E+01   0          6.9079
    220         14728.8904    -0.59965E+01     0.53763E-02     0.60005E+00     0.45681E+02     0.42255E+02     0.55667E-07     0.11699E+02   0          6.9410
    221         14752.2892    -0.59992E+01     0.53997E-02     0.60000E+00     0.45682E+02     0.42216E+02     0.11348E-06     0.23399E+02   0          6.9755
    222         14799.0867    -0.60004E+01     0.54464E-02     0.59994E+00     0.45680E+02     0.42147E+02     0.24550E-06     0.46798E+02   0          7.0052
    223         14866.3070    -0.60003E+01     0.55134E-02     0.59996E+00     0.45678E+02     0.42106E+02     0.42981E-06     0.67220E+02   0          7.0351
    224         15000.7474    -0.60008E+01     0.56471E-02     0.59989E+00     0.45667E+02     0.41764E+02     0.40130E-05     0.13444E+03   0          7.0630
    225         15040.0006    -0.58900E+01     0.56868E-02     0.60041E+00     0.45678E+02     0.42277E+02     0.28891E-06     0.39253E+02   0          7.0943
    226         15047.6542    -0.60012E+01     0.56945E-02     0.59971E+00     0.45677E+02     0.42218E+02     0.36748E-07     0.76537E+01   0          7.1248
    227         15060.8049    -0.60011E+01     0.57075E-02     0.59976E+00     0.45676E+02     0.42132E+02     0.52075E-07     0.13151E+02   0          7.1605
    228         15076.0463    -0.60007E+01     0.57225E-02     0.59984E+00     0.45675E+02     0.42061E+02     0.65320E-07     0.15241E+02   0          7.1932
    229         15097.6137    -0.60006E+01     0.57439E-02     0.59989E+00     0.45674E+02     0.41996E+02     0.99970E-07     0.21567E+02   0          7.2252
    230         15130.6224    -0.60005E+01     0.57768E-02     0.59992E+00     0.45672E+02     0.41941E+02     0.16463E-06     0.33009E+02   0          7.2588
    231         15190.7356    -0.60005E+01     0.58366E-02     0.59993E+00     0.45669E+02     0.41868E+02     0.35434E-06     0.60113E+02   0          7.2932
    232         15273.4252    -0.60001E+01     0.59190E-02     0.59997E+00     0.45668E+02     0.41824E+02     0.67819E-06     0.82690E+02   0          7.3212
    233         15438.8044    -0.60016E+01     0.60832E-02     0.59982E+00     0.45642E+02     0.41300E+02     0.11387E-04     0.16538E+03   0          7.3491
    234         15470.3713    -0.58140E+01     0.61157E-02     0.60094E+00     0.45667E+02     0.42131E+02     0.35632E-06     0.31567E+02   0          7.3794
    235         15474.1734    -0.60011E+01     0.61196E-02     0.59959E+00     0.45667E+02     0.42092E+02     0.26746E-07     0.38021E+01   0          7.4084
    236         15481.7776    -0.60010E+01     0.61271E-02     0.59962E+00     0.45666E+02     0.42018E+02     0.49557E-07     0.76042E+01   0          7.4384
    237         15492.0251    -0.60009E+01     0.61371E-02     0.59969E+00     0.45665E+02     0.41930E+02     0.56217E-07     0.10247E+02   0          7.4675
    238         15503.6666    -0.60007E+01     0.61486E-02     0.59977E+00     0.45664E+02     0.41849E+02     0.48820E-07     0.11642E+02   0          7.4971
    239         15518.1207    -0.60006E+01     0.61629E-02     0.59982E+00     0.45663E+02     0.41774E+02     0.60590E-07     0.14454E+02   0          7.5256
    240         15537.3908    -0.60005E+01     0.61820E-02     0.59987E+00     0.45662E+02     0.41707E+02     0.88056E-07     0.19270E+02   0          7.5627
    241         15566.3679    -0.60005E+01     0.62108E-02     0.59990E+00     0.45661E+02     0.41650E+02     0.14261E-06     0.28977E+02   0          7.5982
    242         15616.8038    -0.60005E+01     0.62610E-02     0.59991E+00     0.45658E+02     0.41589E+02     0.27679E-06     0.50436E+02   0          7.6295
    243         15699.8096    -0.60004E+01     0.63437E-02     0.59993E+00     0.45655E+02     0.41504E+02     0.69230E-06     0.83006E+02   0          7.6642
    244         15797.2947    -0.60000E+01     0.64410E-02     0.59997E+00     0.45654E+02     0.41490E+02     0.11132E-05     0.97485E+02   0          7.6945
    245         15992.2649    -0.60023E+01     0.66341E-02     0.59975E+00     0.45612E+02     0.40566E+02     0.28300E-04     0.19497E+03   0          7.7243
    246         16013.3702    -0.56517E+01     0.66564E-02     0.60166E+00     0.45641E+02     0.42076E+02     0.55598E-06     0.21105E+02   0          7.7555
    247         16014.7676    -0.59918E+01     0.66579E-02     0.59986E+00     0.45641E+02     0.42057E+02     0.15225E-07     0.13974E+01   0          7.7863
    248         16017.5625    -0.59923E+01     0.66607E-02     0.59986E+00     0.45642E+02     0.42019E+02     0.29870E-07     0.27948E+01   0          7.8165
    249         16023.1521    -0.59932E+01     0.66662E-02     0.59986E+00     0.45643E+02     0.41945E+02     0.57405E-07     0.55896E+01   0          7.8470
    250         16030.6449    -0.59948E+01     0.66737E-02     0.59986E+00     0.45645E+02     0.41849E+02     0.70646E-07     0.74928E+01   0          7.8805
